32144194
32722796
32741700
31952783
33182266
32404993
32414156
33007410
32182711
33312337
33179140
31685430
32947864
33614491
32846356
31223076
33130194
32521648
33016796
31880200
31917206
32595984
32521808
33159515
33240819
32723563
31603660
33505918
32033163
31952115
32079264
35117546
32075247
32890739
32111081
32660118
34179310
32312843
31969558
31691903
32049643
33276182
32260447
33371351
32980466
33112208
33359084
32702755
33113997
32927018
33233599
33297294
33256191
32664576
33644030
31536647
33218139
32660739
33213502
32190175
32823757
32050651
32084459
32079237
32204575
32873579
33322746
33396576
32281696
33297928
32326087
32508294
32029918
33199193
33069756
32918225
33294126
32932978
31691207
33348923
32075132
32151151
32944829
32432959
33272326
32156064
32974171
31112799
31846532
33253914
33374459
33298896
32532965
32041464
31610154
32062315
31841768
33266503
33505920
31004736
32300595
32606760
33327383
32951572
32218993
32989217
31991537
33083021
32917124
32835132
33130332
32387665
32145315
32619002
31897662
33070220
33194757
32322927
33224889
32660154
32996618
33163298
32869798
32094664
32604993
32664542
33202205
32372896
32296023
32230926
32679166
32429563
32560574
32917730
32561872
33356822
32061310
32722415
32061868
32971841
32583791
32651541
32106407
32970929
33244272
32696682
32176524
33396077
32778819
33320376
31359335
32095167
32942096
32397531
31241783
31815681
32796711
32411323
33346102
32152485
32545208
31558785
32027978
32169099
32746655
31857137
32986498
33293849
35005106
32744147
32848804
33228463
32111491
32098443
31587329
33505405
32227259
32050524
32226301
33198356
31989508
32335977
33371494
32598859
32093590
33601000
32382138
32481484
32518522
32812335
31922193
33087281
34185300
32104088
32793396
32603670
31513848
32580485
32100402
32759846
32999003
33170209
32089220
31972727
31871108
32295632
32450085
32642788
32034707
31884567
32545659
31966039
32945519
32010617
32139012
32738522
31173893
32585821
32782575
32241645
33230792
32279119
32918185
32850408
33380129
32521839
33295678
33287328
33175222
32171848
32765850
32714859
32403216
32477121
32085381
32850448
32850836
31831363
33537310
32274657
32201219
32638380
32742565
30588854
32996240
32948502
33022533
33327601
32691711
31351766
33186811
31922241
32372973
33014273
32682900
32630614
32860479
32172299
32920125
32793745
32315467
31161997
33552255
33213790
33239065
33152460
33198085
31359240
32033297
33372374
32918219
33251267
31821536
31851045
31998119
32102562
32838718
31468188
32920697
32875577
32024352
33272592
33202204
28643992
33160818
33325141
32681190
32973662
32075244
33324551
32874827
32757480
31741049
32067540
33143318
32046255
32079382
33069103
32027773
31764020
33203188
32486270
32794627
32682268
32801862
32414002
31102668
32731837
31774349
32918224
32397368
33616916
33160694
32182763
32777106
32331465
32171851
32947046
33076392
32249459
31991614
32718025
32690436
33137656
32407716
32529800
32385348
33012495
32536008
31814188
32494228
33423426
32649656
33032902
32824561
33324542
33158639
32731241
31941067
33027717
33330110
32587828
33132721
32456160
32921631
32949152
32372692
33013864
32085583
31538910
31192453
32157215
33270905
32899663
32679172
32565738
32870330
32599736
32962187
32260198
32237227
32741869
32655497
32751183
32578333
31935396
32569759
32620064
32003702
32927797
31991534
33330821
32035228
33375680
33260729
31748977
32564423
32060873
32950519
32405728
32708729
32335720
31790874
32013256
33380811
33195190
32560478
33233707
32375891
32599735
32279523
32582435
32721499
30182837
32044274
32091332
32688042
33152911
32551999
33183724
33098216
32627089
32093585
31647999
32779701
32517694
32966936
32486507
33403784
33205684
32828887
31631728
33288731
32505836
30836431
32180097
31742837
32891720
31963420
33396470
33243021
32664845
33425907
33299826
32949585
33171154
32702646
32387856
32001373
32872288
31638087
32726539
32763292
32149561
32534704
32493394
32205480
32357912
34083046
31897925
32918222
32642201
32022939
32565808
31841993
33084906
32643812
32167968
32141677
32364360
32039001
32645959
32762181
33369763
32878253
31981075
31922971
32485257
32147436
31993310
32726721
33395650
32608376
32953528
32252028
33928226
32765956
32712965
32410997
32062672
33163258
32319019
32068926
32804454
32134194
31657074
32658383
31628675
32167393
33509441
31822892
31604115
32020437
32156073
32988919
33060089
31734832
31652350
31199501
32690834
33116181
32578873
32561500
32504186
33060632
33317922
32605910
31537689
32096887
32472610
32300964
32246301
32219703
31896689
32080210
32015491
32611648
33310207
32670818
32512016
32405344
32252351
32212178
31954487
33207722
32919021
32790161
32766139
32688199
32274755
31933109
31770191
31583690
32892147
32543361
32475520
32304390
30975541
34795999
33227796
31969092
31836451
32884453
32584426
33329391
33299640
33202302
32805342
32443845
32351178
32297580
33590566
33189832
32505665
31804169
31538344
33261128
32470157
32007572
33105719
32971832
32507359
32443727
31963204
33309958
32795537
32604861
32586780
32375866
33245949
33221454
32737406
32451767
32298067
31891666
32853962
33643817
32510664
33067577
32410110
32301049
32272770
33334813
32654197
32381512
31976798
31778310
32820838
32683537
32441029
32723508
32235153
33333642
32519351
32735836
32182845
32401642