33932560
34583722
33924934
33518400
33357454
34952583
34439241
33785447
33007410
34619274
34856333
34888311
33888565
34335587
33627621
33450819
33157209
34459531
33179140
33861719
33961796
35018225
33614491
34954226
33460725
33290354
33130194
33406607
33760334
34769259
33670160
35053170
34395447
34207603
35071005
33823140
34573428
34828285
34298679
34502215
34257824
34209840
33988919
34118220
33983569
34840111
33505918
34749806
34779563
34019981
34921507
34642466
33421376
34193827
34742870
34266953
34900085
34386083
33615665
34179310
34291055
33276182
34805170
34552038
33359084
34699262
32927018
34769370
34900978
35118064
33733556
33401096
33303641
33590949
33546313
34773073
34572908
34064974
34638930
34861354
34863830
33875349
34307167
34638334
34484205
34733856
34869377
35388737
33440210
33826155
34948322
34519942
33681231
34957087
33405482
34495325
34599843
34439227
33238842
34362419
33953380
35187108
33505920
34474304
33767390
34639222
34684792
34679713
34027039
33760332
34671620
33130332
33542522
34768862
33444431
33860080
33806979
32642809
33948573
34045312
33430127
34198494
33445417
33811963
34616871
32996618
33553686
33323382
34205272
34907345
33660365
34957471
33923162
34878965
34532654
34609046
34958797
34221338
32948674
34885216
33775872
33553606
35539888
34831372
34878887
33589807
34103683
34362680
33476981
33932899
34158418
35444146
34392111
34440533
33356822
34027043
33961797
34956360
34400889
34803166
34582825
34445220
34003788
33453182
34966486
34646092
34499221
34333527
34792219
33508123
34326251
33664574
34197865
32786121
33667713
33961435
33631672
34411963
34490348
33503543
34968710
33786782
33687951
34275793
34035487
33137455
34028171
33131904
33591178
34348766
34974575
34379507
33433933
33863900
34099490
34288813
34340236
33968744
33786783
33419814
34783171
34746182
34348854
34475048
33208018
34345306
34799723
33168186
33668399
34085695
34021120
35082997
33806894
34102645
33514736
33372039
33505358
35177982
33169349
34192689
34258881
33824865
33028080
33172892
34109118
33582407
34312289
33416138
33524216
34639134
33611816
32996351
34931562
35673816
34707898
33179088
34447990
33764853
33727444
35116435
33306126
34033093
32392580
33952867
34090364
33721071
32265358
33490908
34947951
34649141
34207240
34750970
34608255
34051015
33599867
34396583
34318678
33664057
34925997
33984442
33501840
34188985
34281239
34198395
34635507
33191800
32694652
34267025
35071232
32631113
32951213
33805584
34919898
33574680
33757400
34592332
32990549
33561393
33869070
34632560
34298826
33637876
34045899
34304143
34947995
34282274
34165168
34999254
33853514
34884611
32716670
34750099
33899789
33560536
34144191
34391748
33668835
33598811
34867391
35722241
33629306
34397764
33321290
33443163
33618247
34462656
33574585
32924682
33994742
34785779
33416027
34593902
33898425
34352404
34886743
33769712
32715348
33781788
34279763
33310183
34728216
33475982
36742774
33868388
34055051
32880469
33798968
33922007
34253647
34485982
34787874
33627789
34027038
34039962
33794285
34312379
34266914
33321328
34962972
34285189
34861473
33773191
33982778
33754021
33395748
34377340
34416429
34641746
33797738
34502494
33531996
34948101
34659819
34843865
33743351
34097674
34373706
34551723
33902196
33414417
33889569
34324416
34209894
33445890
34523970
34284087
34216619
33765973
34880421
34533079
33955710
33277368
34798143
34409799
34695137
33315226
33210269
33788740
33790647
34382015
34359777
34782719
34188177
33075425
34226514
34638383
34166715
34944497
33573293
33240412
34202551
34203762
34854682
33745968
34403252
33546743
34705508
34725922
34375633
34704713
33069768
34481841
34257081
34546565
33968195
34478701
34936287
34496248
34044759
34565006
34362424
34534740
34660288
34959709
34612239
34494994
34808368
34944103
34153655
33325610
34386548
34697748
34719205
34223980
33671256
34544131
33984364
32812335
33672023
33748203
33777934
34680125
34426149
34849192
33868474
34224111
35201513
33556560
33895923
34230456
33557658
33823136
34653407
34506766
33566220
34685458
33252302
35008180
34887869
34204343
34854392
33857585
32875973
34184814
33497503
35012289
34078755
34202736
34681730
34368144
34626309
34675574
33320772
34974862
32864863
34184070
34788479
34307171
34799910
34454062
35018230
34678131
34681897
33508133
34940820
34713381
34824391
34065345
35381145
34277620
34654581
34349241
33678118
34944790
33461388
33334825
33982878
33930714
34697572
33231252
34787057
33814475
34946727
33576462
34193964
35083008
32590695
34445495
34413896
34350621
34620539
33756342
34213707
33505114
34916375
33460997
32799363
34465782
33742136
33563973
34958116
34946730
35283536
33869064
33551183
33846805
34911439
34596362
33722609
32638380
34907344
34849029
34580516
33237570
34607171
34436289
34009633
33613715
32737944
32580584
34037422
34170069
33727445
34731788
33972599
33591310
33568778
33253914
32881390
34759291
33761356
34369624
34675318
34349412
32950424
35690409
34350116
33634502
34216644
34497757
34151835
34019845
34230007
33610731
34472375
33393086
34757142
34207315
34493812
33071125
33484913
34680379
33996626
33084164
33889953
33555293
34845969
33520705
33754023
33377976
33918387
33165811
34928263
34319761
34060287
33629930
34019917
34862374
34571668
34794886
34524871
34337857
33852931
32664769
33653952
34599296
33869046
34168122
34932949
34144037
32779399
34074758
34608823
34187207
33858805
34898277
34110636
33199193
34974572
34733786
34298831
33656234
34611297
35263402
34471223
33504910
31596142
33812801
34715501
34497363
33799733
34589387
33917201
33639563
34034482
34414020
34283062
33764173
33664771
34446759
33039867
34697746
34597653
34417893
33314719
34831043
33865220
33302638
33279609
34612481
35982883
34959348
34903946
34536269
34395239
34217709
33569988
33547267
32738450
34203338
35071433
33334821
34628485
34462664
33545063
33439743
34071477
33918002
34857760
34645785
33970400
33372419
33118176
33824284
35757381
33860088
33852837
34492050
33601405
34244426
33825597
33591461
34359074
33970925
33788432
33718673
34245441
34883204
34775479
33405401
33754186
33579943
33297121
34656159
33515271
34111705
33580460
34306125
33545070
33450306
34977164
34094715
34209215
33546767
34165573
33772115
33166640
33884928
33732382
33671606
33644124
33281970
34108527
34945706
33850227
34496888
33360419
33393496
33918187
34253820
33834065
34141823
33634261
34785775
34404905
34042288
34389799
34131400
34067731
34443300
33430525
34552071
33941774
33190064
33786792
34386946
33767588
35229028
34692673
33401765
34608877
33619227
34481212
34593428
34286973
33414456
32900227
33382987
35011655
34953860
33798680
34816104
33916029
33438362
34587716
33854186
34192538
33517285
34140005
33526870
34510715
32990677
35112008
34481824
34051576
33039567
33473103
33579782
34831112
34919052
33649538
34166773
34990928
33707405
34558645
33189427
33051313
34822033
34099671
34610483
34933716
33954191
33592864
33523578
34095829
33836165
33476649
35127515
35008477
33896384
33220581
34085157
33804175
34249678
33746592
33747198
34425033
33615732
34351910
34222845
33545220
32072836
35096810
34547231
33806711
33303565
33613721
34178628
33727063
33906432
34827693
34051479
33322916
34035082
33927351
34477462
31986075
34458155
34431425
34227093
34030991
33824292
34384155
34257080
34703648
33567287
34826036
34245022
33612481
33627632
33889298
33643571
32643438
34528900
33834390
33722665
33578018
35014986
34987252
33507234
34042457
34277436
34175840
33508145
33414393
34356680
35004714
34687773
34916192
33459391
32705436
34505757
34420605
34115196
33495326
34482217
33948356
33253720
34716260
34625535
33504557
34093867
33080448
34318554
33925586
33510838
33737050
34240781
34195189
34126102
33823310
34188682
34188043
34768743
34470826
34577057
34531858
32971485
33181285
34859139
34197623
33629325
34151722
33465260
33483624
34297290
32820269
33731308
34050474
32815089
34345181
33611811
34571387
34495397
32736946
33411764
34001963
35127712
34084225
34529316
34461934
33391511
34504554
34062896
34044069
33906321
33439408
35003915
33990091
33955355
34729871
33804047
33713230
34721017
34224300
34041176
33570788
33460823
33945523
33536467
34273903
34239689
33691791
33410915
32357375
34938808
34047175
33961949
33877544
33149274
34835028
34592889
33602031
33128543
33078453
34577642
34141473
33594332
33535054
34793446
33462212
34511432
34190420
34173707
33126266
34214637
33851614
33650658
34396581
33925065
34676046
34050122
34046935
34499237
34467471
34427181
34165693
34039253
33468994
34576952
33984544
33949114
33883914
34884748
33413604
34460057
34421356
34171363
33880033
33864161
33070220
32160847
34732238
34051011
33040459
33649167
34673573
34142064
34238736
33913241
33851294
33747205
34864826
34642468
33557398
33468997
34562520
33818520
33588420
33350486
34326482
34713298
34217708
33486250
34410893
33837239
34873220
33837724
32079382
34794098
34374220
34512169
34125648
33899975
33638320
33392891
34420026
33450248
33618169
34585534
34091999
33629943
34789127
33997110
34417460
33922989
34117220
34715053
34047450
33686550
32715386
33742110
32920697
34209047
33880579
33538587
33469287
33236135
33002289
34419958
32818241
34580281
33533253
34711017
34461110
33684392
33640879
33398767
32500444
33854672
33737385
34732858
34144984
33733756
33732332
34707773
34771656
34311053
33262829
34782045
34403458
34331475
32757802
34244606
33757145
34344261
34275027
34077860
33588425
33789902
33857626
34135394
33468664
33896818
34738229
34187948
33897448
33679637
34650049
34500758
34452194
33771647
33735410
33045840
34743406
34588591
34427098
34132887
34041737
33508467
33400354
32897968
33830760
34906411
33593530
33416166
34611130
33473123
34909519
34844492
34470782
34832966
34643467
33717651
35008638
34970530
34813979
33950532
33454902
34935583
34637643
34593441
34103388
33944652
33782505
34172723
35070964
34744708
33679421
33664669
34768086
32954464
33998236
33213339
32757480
34650395
33960640
34111466
34220714
34895923
35445204
34905275
36775468
34539667
34384029
33860865
33760190
33664742
33685467
34298618
33849831
33098092
34657382
33160987
34638542
34806333
33676104
33962804
34887439
34857736
34639121
34292326
33905247
34237907
34298892
33771522
33208462
33372374
34026845
34798199
34027794
33990641
33314700
34680909
34464900
32918240
34342940
34203341
34055057
33982792
33462115
33689885
33410253
34027036
34820578
34711101
34062962
34054238
33691199
33597599
34537545
34175398
33844607
33791361
33510458
34954155
34630562
34015314
34955353
34725870
34618298
33462409
32860479
32840705
31909567
34988182
34440884
35366259
34660566
34348663
34073459
33557266
33497939
34599932
34787461
34284046
34037269
34907739
34772407
34001468
33278547
33867704
34267371
34968465
33538115
33416121
34703652
33956533
34589276
34042274
33482103
34853727
33425490
33673439
33797953
33357471
32107340
34068980
34433556
34017087
33290350
34455301
33822841
33783663
34744765
34611484
34209090
33854524
34302802
32897957
34948128
33940178
34103468
33835683
33804124
33382531
33303632
32873702
34576020
33844639
34785441
34433022
34253388
34334649
34290382
34183772
33323971
33275947
34260915
34768330
34088068
32758579
34537213
34887995
34307186
34199777
34743173
34689154
34783271
34086162
33940981
33705944
32875375
32644826
36651555
34664942
34608124
34172831
33481818
35018242
34532449
34094987
33883304
33505405
33128380
34319505
34242585
34155600
33503275
34375408
34381371
34838338
34150665
34072831
34001596
33579312
33465281
33162236
34785635
34518457
34496154
34445373
34353903
34328173
34099776
34837558
34109989
34505540
34476425
34022274
33807586
33650649
32940875
33968753
33934760
33619805
33908859
33063904
34060283
33803512
34839078
34834090
34047071
33289569
33767425
34954595
34881245
34611476
34257552
33644030
33576215
32986661
32860203
34319509
34896449
33773549
33208024
34181170
33530345
33333054
34887234
34867030
34050161
33945996
32958587
32462510
33569547
33839689
34265101
33675124
34965043
34943974
34826532
34712362
34528388
33676897
34073371
33870698
33356180
32951068
33369763
33039397
35122028
34377229
33864984
33414422
32897465
33649811
33634940
34234864
33471418
34664164
33723162
33668926
34659528
34151482
33813775
34074015
35281164
36742612
34703795
34616112
34572732
34136083
34063300
34181372
34719669
33938326
33510228
33183422
34669159
34359622
34190520
32011969
34882535
34405020
34054538
33987266
32851589
33513349
34163823
34861163
34565304
33869050
34762129
34855076
34505200
33743824
33591455
33168930
34711913
34391032
34314873
34126101
33880358
35308002
34131139
34629057
34183418
34791535
34786438
34402431
34316713
34343634
34920321
33942299
34638677
34173803
35222007
33634905
34506671
34282404
33586242
33530952
33290780
32781964
34714078
34652874
33393722
33175579
33156571
33625525
34338497
34326916
33974965
33648535
32158015
34581802
33949947
33197601
33096451
34209768
33951429
32458023
33471967
33450362
33221336
34375974
34625254
34526502
34362481
33836029
33542214
32287076
33196940
34161403
33200472
33110215
32694279
34888245
34797187
34562873
33968713
33513420
33515780
34261406
34240211
33391528
34530900
33743635
33867932
35582010
33517274
34754077
34502536
34052966
33359871
33350292
33021522
33581134
34679762
34243605
33676673
33598459
34184756
34147524
34634383
34764240
34111531
33924684
33710818
33586458
32931483
35291668
34432370
33446037
34066504
33602067
34500495
34212455
33543290
34551568
34938181
34285685
33735625
34751998
33921128
32151168
34660597
35673812
34840582
34825792
34708319
34448982
34044650
33675808
33638942
33175222
33966047
34348712
34728235
34069902
34088837
33915902
33532182
32468342
33885141
35069864
34117297
34017061
33958632
33935281
33807999
33722766
34557915
34510979
34183782
33319888
34747697
34721634
34425189
34086026
34009012
33799444
33531692
32671379
34786057
34368167
34070291
34910396
33761253
34890775
34336006
31659245
33482083
35118975
34902987
34759263
33918637
33888646
33862513
33328571
31562955
34785767
34711431
34609409
34283045
34130091
32789565
33314410
34378529
33272697
34371129
34321957
34172933
33999432
33941851
33725330
33486511
33341145
33580595
34231169
34136392
33893687
33756341
33713969
34885017
34573054
34969655
34216481
34800264
34252861
34083040
33259807
35047821
34638761
34249461
33326188
34365141
33955658
33446200
32347436
34944027
34769213
34698995
33718561
33520960
33325919
34809800
32079866
33429878
34224597
33785035
33347706
33156559
35153749
34572923
33596633
33274826
34421989
34195018
33252059
33242503
34638320
33303573
34087780
33514509
33311552
34667495
33766052
33658452
33179082
32946903
32801341
34724704
34049842
33979211
33716296
33637564
34783301
34708431
34324743
33376133
34303658
34609799
34584144
34253763
34244607
33905708
33854634
33621982
33550083
33456361
33077499
33044228
33564015
33810274
34877770
34781193
34608629
34592816
34521883
34237527
34214295
34210610
34159082
33948354
33851958
33851417
33321417
34934184
34594342
34343636
34180140
33934912
33603167
34848971
33930100
34221872
33835909
33504761
33234482
33755947
33627187
33573023
34408321
34021647
33823233
33622776
33837733
34731023
33993186
33726502
33688918
34233584
33346102
34583094
33537097
34826438
33360044
33988074
33803748
33111336
34909835
34870559
34729052
34707156
34528544
33870652
33798260
33405068
33097856
34710245
33759131
33159965
34889375
34618354
33822961
33598657
34589431
34455155
33387473
34977044
33712489
33673859
34830795
33762927
33717233
34855924
34183422
34267184
33245408
32854004
33512431
34380027
34064070
33867833
33658796
34805374
35116471
34466106
34080795
34068264
33613723
33129445
34868940
34224824
33815591
34439791
34360899
33545655
33450725
33409483
33547170
35008734
34808206
34314463
34303799
33906323
34930892
34893110
34348895
33262811
34315458
33089535
34528582
34989200
34885154
33284239
33619112
34496490
33649833
34906645
34452850
34375765
34071095
33692855
33659209
32948502
34056174
34175723
34830324
34790354
34660326
34571341
34521875
34060687
33230830
32909866
32642788
32620064
34818543
34335843
33666815
33551126
33262524
33058431
35582378
34919323
34452612
34291388
33991942
33704017
33170025
34213820
34789578
34135572
35008354
34587661
34492818
33869031
33758375
33749640
33307039
32931817
34468008
34147946
34433584
34503173
34805267
34496723
34390769
34053323
34018192
33987272
33964346
33524136
33989638
33079423
33822973
33458834
34603598
34418427
34714321
32984917
32193631
34799573
34316707
33627267
33603846
33161639
32716218
34651662
33813383
32787465
34240179
33767253
33370709
34085409
34078527
33952503
33610131
33575281
33549596
33484475
34365442
33172777
34385108
33649292
34532131
34298835
33968761
33815590
34739233
34621107
34164327
33883908
33073884
33997178
35005656
33970096
33969907
34579932
34361797
33271245
33833855
32925443
34647023
34446762
34445673
34344882
33738256
33664578
33491154
34988020
34934446
34242969
33826991
34556672
33684824
33326956
33153341
34149926
33508433
34862824
34356280
34058227
33915517
33213790
34395098
33840159
34551143
34339762
34196262
34045664
34017077
33955500
33869638
33773917
35024489
34703654
33807506
34609112
34590505
33964294
33819271
33793041
33705361
33562726
33547862
33466733
33359449
33207262
33006415
32382138
34454533
33985476
34832937
34093856
34602032
34253592
34224368
33878402
33168399
34192410
34237641
34163734
33768671
33439503
34924263
33738057
34193871
34152408
34103685
33723373
33682013
33889009
33776365
34886886
34281219
34131120
33467560
33123756
33526587
33772786
33186811
34831070
33901015
33257846
34921235
34730245
34728188
34569598
34530752
34332984
34332600
34281156
33706682
33686666
34886641
34934583
34540685
33718153
34661718
33367701
33868995
34180037
34549337
34306137
34172659
34019763
33851695
33390840
33201013
34380044
33991083
34948346
34926193
34528528
34928233
34370268
34569407
34440730
34149993
33864983
33710861
33572972
34936873
34266887
34085558
34057049
33967558
33763347
34470814
33510357
34542364
34768355
34800879
34673912
34655190
33848145
33559033
33535826
33392962
34547420
33431824
34728178
34422094
33866408
33841711